0 0.6021634615384616 0.7908653846153846 0.24278846153846154 0.21875
0 0.39783653846153844 0.6959134615384616 0.25 0.18028846153846154
0 0.7415865384615384 0.8473557692307693 0.2403846153846154 0.2091346153846154
0 0.9050480769230769 0.7596153846153846 0.13221153846153846 0.15144230769230768
0 0.6742788461538461 0.4651442307692308 0.2860576923076923 0.17067307692307693
0 0.6706730769230769 0.6778846153846154 0.21634615384615385 0.1346153846153846
0 0.5841346153846154 0.5576923076923077 0.2860576923076923 0.19230769230769232
0 0.5576923076923077 0.38221153846153844 0.21394230769230768 0.18269230769230768
0 0.5709134615384616 0.16706730769230768 0.2764423076923077 0.16826923076923078
0 0.42788461538461536 0.0733173076923077 0.2932692307692308 0.1466346153846154
0 0.8425480769230769 0.234375 0.20432692307692307 0.15865384615384615
0 0.8725961538461539 0.1045673076923077 0.25 0.13701923076923078
0 0.921875 0.5132211538461539 0.15144230769230768 0.17067307692307693
0 0.9651442307692307 0.2800480769230769 0.06490384615384616 0.13701923076923078
0 0.7704326923076923 0.3473557692307692 0.17067307692307693 0.11538461538461539
0 0.9254807692307693 0.6514423076923077 0.13221153846153846 0.16105769230769232
0 0.8822115384615384 0.390625 0.1875 0.15384615384615385
0 0.38221153846153844 0.4170673076923077 0.22115384615384615 0.11298076923076923