0 0.7668269230769231 0.34375 0.19471153846153846 0.22355769230769232
0 0.7115384615384616 0.5625 0.15384615384615385 0.23798076923076922
0 0.7944711538461539 0.19591346153846154 0.18509615384615385 0.22355769230769232
0 0.6790865384615384 0.056490384615384616 0.14182692307692307 0.11298076923076923
0 0.4326923076923077 0.33533653846153844 0.14182692307692307 0.27403846153846156
0 0.6418269230769231 0.29927884615384615 0.11057692307692307 0.20432692307692307
0 0.5396634615384616 0.40625 0.16346153846153846 0.2692307692307692
0 0.3737980769230769 0.46634615384615385 0.16105769230769232 0.1971153846153846
0 0.15985576923076922 0.49399038461538464 0.14182692307692307 0.2644230769230769
0 0.07932692307692307 0.6550480769230769 0.14423076923076922 0.27884615384615385
0 0.17427884615384615 0.21394230769230768 0.13701923076923078 0.19230769230769232
0 0.04807692307692308 0.203125 0.09615384615384616 0.25721153846153844
0 0.43149038461538464 0.08052884615384616 0.15384615384615385 0.14182692307692307
0 0.18990384615384615 0.06129807692307692 0.12259615384615384 0.10336538461538461
0 0.2980769230769231 0.2644230769230769 0.09615384615384616 0.16105769230769232
0 0.5673076923076923 0.056490384615384616 0.15384615384615385 0.11298076923076923
0 0.31971153846153844 0.14543269230769232 0.13701923076923078 0.17307692307692307
0 0.4411057692307692 0.6322115384615384 0.0889423076923077 0.21394230769230768