0 0.3485576923076923 0.23076923076923078 0.21875 0.19230769230769232
0 0.5661057692307693 0.28966346153846156 0.23317307692307693 0.15144230769230768
0 0.20192307692307693 0.19951923076923078 0.21875 0.18269230769230768
0 0.057692307692307696 0.31490384615384615 0.11538461538461539 0.13942307692307693
0 0.33413461538461536 0.5637019230769231 0.27163461538461536 0.1346153846153846
0 0.3016826923076923 0.3545673076923077 0.20432692307692307 0.10576923076923077
0 0.40625 0.4579326923076923 0.2668269230769231 0.15865384615384615
0 0.4639423076923077 0.6262019230769231 0.19471153846153846 0.15625
0 0.4879807692307692 0.8401442307692307 0.2620192307692308 0.1346153846153846
0 0.6478365384615384 0.9230769230769231 0.2764423076923077 0.13942307692307693
0 0.2091346153846154 0.8209134615384616 0.18990384615384615 0.13221153846153846
0 0.19591346153846154 0.9495192307692307 0.25721153846153844 0.09615384615384616
0 0.07932692307692307 0.5612980769230769 0.13942307692307693 0.15144230769230768
0 0.055288461538461536 0.8016826923076923 0.0985576923076923 0.12259615384615384
0 0.2608173076923077 0.6983173076923077 0.16105769230769232 0.09375
0 0.056490384615384616 0.42427884615384615 0.11298076923076923 0.15144230769230768
0 0.14182692307692307 0.6742788461538461 0.17067307692307693 0.13221153846153846
0 0.6310096153846154 0.5612980769230769 0.21394230769230768 0.08653846153846154