0 0.6875 0.2548076923076923 0.24278846153846154 0.21875
0 0.4639423076923077 0.2824519230769231 0.25 0.18028846153846154
0 0.8377403846153846 0.2439903846153846 0.2403846153846154 0.2091346153846154
0 0.9483173076923077 0.37740384615384615 0.0985576923076923 0.15384615384615385
0 0.6550480769230769 0.5865384615384616 0.2860576923076923 0.17067307692307693
0 0.7163461538461539 0.38341346153846156 0.21634615384615385 0.1346153846153846
0 0.5985576923076923 0.47115384615384615 0.2860576923076923 0.19230769230769232
0 0.5180288461538461 0.6298076923076923 0.21394230769230768 0.18269230769230768
0 0.4651442307692308 0.8389423076923077 0.2764423076923077 0.17067307692307693
0 0.29447115384615385 0.8978365384615384 0.29086538461538464 0.17548076923076922
0 0.7439903846153846 0.8581730769230769 0.20432692307692307 0.15865384615384615
0 0.7391826923076923 0.9603365384615384 0.2668269230769231 0.07451923076923077
0 0.9086538461538461 0.6189903846153846 0.15865384615384615 0.16826923076923078
0 0.8978365384615384 0.8605769230769231 0.11298076923076923 0.1346153846153846
0 0.7091346153846154 0.7295673076923077 0.17067307692307693 0.11538461538461539
0 0.9411057692307693 0.4879807692307692 0.11298076923076923 0.16346153846153846
0 0.8293269230769231 0.7223557692307693 0.1875 0.15625
0 0.36177884615384615 0.5420673076923077 0.22115384615384615 0.11298076923076923