0 0.23798076923076922 0.3389423076923077 0.19951923076923078 0.22596153846153846
0 0.28846153846153844 0.5576923076923077 0.15865384615384615 0.23798076923076922
0 0.2091346153846154 0.19230769230769232 0.1875 0.22355769230769232
0 0.3293269230769231 0.055288461538461536 0.13942307692307693 0.11057692307692307
0 0.5697115384615384 0.33653846153846156 0.14423076923076922 0.27403846153846156
0 0.3629807692307692 0.2980769230769231 0.11298076923076923 0.20673076923076922
0 0.46153846153846156 0.40625 0.1658653846153846 0.27163461538461536
0 0.6274038461538461 0.46875 0.16346153846153846 0.19951923076923078
0 0.8413461538461539 0.5 0.14423076923076922 0.2668269230769231
0 0.9182692307692307 0.6610576923076923 0.14903846153846154 0.28125
0 0.8317307692307693 0.21875 0.13701923076923078 0.19471153846153846
0 0.9543269230769231 0.2091346153846154 0.08653846153846154 0.2548076923076923
0 0.5769230769230769 0.08173076923076923 0.15625 0.14423076923076922
0 0.8173076923076923 0.0673076923076923 0.125 0.10336538461538461
0 0.7067307692307693 0.2668269230769231 0.0985576923076923 0.16105769230769232
0 0.43990384615384615 0.055288461538461536 0.15144230769230768 0.11057692307692307
0 0.6875 0.14903846153846154 0.13942307692307693 0.17307692307692307
0 0.5552884615384616 0.6322115384615384 0.09375 0.21634615384615385