0 0.3173076923076923 0.7487980769230769 0.2403846153846154 0.21634615384615385
0 0.5396634615384616 0.7163461538461539 0.25 0.1778846153846154
0 0.16706730769230768 0.7620192307692307 0.23798076923076922 0.20673076923076922
0 0.051682692307692304 0.6310096153846154 0.10336538461538461 0.15144230769230768
0 0.3425480769230769 0.41586538461538464 0.28365384615384615 0.1658653846153846
0 0.2848557692307692 0.6201923076923077 0.21394230769230768 0.12980769230769232
0 0.4026442307692308 0.5300480769230769 0.28365384615384615 0.18990384615384615
0 0.4795673076923077 0.3713942307692308 0.21153846153846154 0.18028846153846154
0 0.5300480769230769 0.16105769230769232 0.27403846153846156 0.1658653846153846
0 0.6983173076923077 0.0985576923076923 0.29086538461538464 0.17067307692307693
0 0.25 0.14543269230769232 0.20432692307692307 0.15384615384615385
0 0.2536057692307692 0.038461538461538464 0.2668269230769231 0.07692307692307693
0 0.09014423076923077 0.38822115384615385 0.15625 0.1658653846153846
0 0.09615384615384616 0.14543269230769232 0.11298076923076923 0.13221153846153846
0 0.2860576923076923 0.27403846153846156 0.17067307692307693 0.11298076923076923
0 0.057692307692307696 0.5216346153846154 0.11538461538461539 0.16346153846153846
0 0.1658653846153846 0.28365384615384615 0.18509615384615385 0.15144230769230768
0 0.6370192307692307 0.45552884615384615 0.22115384615384615 0.11057692307692307