0 0.22890625000000003 0.35300925925925924 0.18906250000000002 0.2152777777777778
0 0.290625 0.5694444444444444 0.146875 0.23148148148148145
0 0.19453125 0.2071759259259259 0.1765625 0.2152777777777778
0 0.30625 0.059027777777777776 0.134375 0.11342592592592592
0 0.5609375 0.3333333333333333 0.13125 0.2685185185185185
0 0.3515625 0.30439814814814814 0.103125 0.20138888888888887
0 0.45625000000000004 0.4074074074074074 0.153125 0.2638888888888889
0 0.625 0.4618055555555556 0.153125 0.19212962962962962
0 0.840625 0.48148148148148145 0.13125 0.25925925925925924
0 0.925 0.6400462962962963 0.134375 0.2754629629629629
0 0.815625 0.20254629629629628 0.12812500000000002 0.1875
0 0.95 0.18518518518518517 0.09687500000000002 0.25
0 0.55390625 0.0775462962962963 0.1484375 0.13657407407407407
0 0.7945312500000001 0.05092592592592592 0.12031250000000002 0.09722222222222222
0 0.6937500000000001 0.2569444444444444 0.09062500000000001 0.1574074074074074
0 0.41718750000000004 0.05671296296296296 0.146875 0.1087962962962963
0 0.66875 0.13888888888888887 0.13125 0.16666666666666666
0 0.5632812500000001 0.6296296296296297 0.08281250000000001 0.21296296296296294