0 0.23076923076923078 0.3485576923076923 0.19230769230769232 0.21875
0 0.28846153846153844 0.5649038461538461 0.15144230769230768 0.23317307692307693
0 0.19951923076923078 0.20192307692307693 0.18028846153846154 0.21875
0 0.31490384615384615 0.056490384615384616 0.13701923076923078 0.11298076923076923
0 0.5649038461538461 0.33413461538461536 0.13701923076923078 0.27163461538461536
0 0.3557692307692308 0.30288461538461536 0.10576923076923077 0.20432692307692307
0 0.4567307692307692 0.40625 0.15865384615384615 0.2668269230769231
0 0.625 0.4639423076923077 0.15625 0.19471153846153846
0 0.8413461538461539 0.4879807692307692 0.1346153846153846 0.2620192307692308
0 0.9230769230769231 0.6466346153846154 0.13942307692307693 0.27884615384615385
0 0.8197115384615384 0.2091346153846154 0.13221153846153846 0.18990384615384615
0 0.9507211538461539 0.19230769230769232 0.09375 0.25240384615384615
0 0.5600961538461539 0.07932692307692307 0.15144230769230768 0.13942307692307693
0 0.8028846153846154 0.055288461538461536 0.12259615384615384 0.0985576923076923
0 0.6971153846153846 0.25961538461538464 0.09375 0.15865384615384615
0 0.4254807692307692 0.055288461538461536 0.14903846153846154 0.11057692307692307
0 0.6754807692307693 0.14182692307692307 0.1346153846153846 0.16826923076923078
0 0.5600961538461539 0.6298076923076923 0.08653846153846154 0.21394230769230768