3 0.28125 0.2956730769230769 0.35096153846153844 0.27884615384615385
3 0.23317307692307693 0.5793269230769231 0.18509615384615385 0.19230769230769232
3 0.08413461538461539 0.6177884615384616 0.0673076923076923 0.125
3 0.6370192307692307 0.5600961538461539 0.10576923076923077 0.09375
3 0.9206730769230769 0.6009615384615384 0.07451923076923077 0.06009615384615385
3 0.6442307692307693 0.3173076923076923 0.17548076923076922 0.25961538461538464
3 0.5360576923076923 0.28846153846153844 0.24278846153846154 0.32211538461538464
3 0.78125 0.40625 0.14182692307692307 0.22355769230769232
3 0.0673076923076923 0.5168269230769231 0.1346153846153846 0.1466346153846154
3 0.8100961538461539 0.5865384615384616 0.06971153846153846 0.0985576923076923
3 0.9417067307692307 0.5961538461538461 0.11177884615384616 0.40865384615384615