3 0.31971153846153844 0.7403846153846154 0.38461538461538464 0.3245192307692308
3 0.2247596153846154 0.4675480769230769 0.20673076923076922 0.21394230769230768
3 0.06971153846153846 0.4567307692307692 0.08413461538461539 0.1346153846153846
3 0.625 0.4182692307692308 0.11538461538461539 0.10576923076923077
3 0.8954326923076923 0.3269230769230769 0.08173076923076923 0.06971153846153846
3 0.6754807692307693 0.65625 0.2091346153846154 0.28125
3 0.5709134615384616 0.7019230769230769 0.28125 0.35096153846153844
3 0.7944711538461539 0.5444711538461539 0.17307692307692307 0.2403846153846154
3 0.07572115384615384 0.5588942307692307 0.15144230769230768 0.1658653846153846
3 0.7920673076923077 0.3605769230769231 0.08173076923076923 0.10817307692307693
3 0.9158653846153846 0.3269230769230769 0.16346153846153846 0.4230769230769231