0 0.7199519230769231 0.7043269230769231 0.29086538461538464 0.3605769230769231
 0 0.43990384615384615 0.7704326923076923 0.1971153846153846 0.18990384615384615
 0 0.4110576923076923 0.9230769230769231 0.12740384615384615 0.07211538461538461
 0 0.43149038461538464 0.36778846153846156 0.09615384615384616 0.10817307692307693
 0 0.36899038461538464 0.08774038461538461 0.06490384615384616 0.07451923076923077
 0 0.6730769230769231 0.34134615384615385 0.2668269230769231 0.18509615384615385
 0 0.7079326923076923 0.45072115384615385 0.3293269230769231 0.25240384615384615
 0 0.5757211538461539 0.21153846153846154 0.2283653846153846 0.15144230769230768
 0 0.515625 0.9290865384615384 0.15625 0.13701923076923078
 0 0.3918269230769231 0.19471153846153846 0.10096153846153846 0.07211538461538461
 0 0.3713942307692308 0.06490384615384616 0.41586538461538464 0.12980769230769232