0 0.7151442307692307 0.29086538461538464 0.34615384615384615 0.27403846153846156
3 0.7668269230769231 0.5745192307692307 0.18028846153846154 0.1875
3 0.9182692307692307 0.6105769230769231 0.06490384615384616 0.125
3 0.3641826923076923 0.5612980769230769 0.10336538461538461 0.09134615384615384
3 0.08173076923076923 0.609375 0.07211538461538461 0.06009615384615385
3 0.35096153846153844 0.31850961538461536 0.17067307692307693 0.25721153846153844
3 0.46153846153846156 0.28966346153846156 0.23557692307692307 0.3173076923076923
3 0.21634615384615385 0.4098557692307692 0.13942307692307693 0.22115384615384615
3 0.9314903846153846 0.5084134615384616 0.13221153846153846 0.1466346153846154
3 0.18990384615384615 0.5925480769230769 0.0673076923076923 0.0985576923076923
3 0.056490384615384616 0.6057692307692307 0.11057692307692307 0.40865384615384615