3 0.6923076923076923 0.7307692307692307 0.37259615384615385 0.3076923076923077
3 0.7728365384615384 0.4543269230769231 0.19951923076923078 0.20432692307692307
3 0.9278846153846154 0.4338942307692308 0.07692307692307693 0.13221153846153846
3 0.3713942307692308 0.42427884615384615 0.11298076923076923 0.10096153846153846
3 0.09495192307692307 0.3473557692307692 0.07692307692307693 0.0673076923076923
3 0.3329326923076923 0.6646634615384616 0.1971153846153846 0.27403846153846156
3 0.43990384615384615 0.7055288461538461 0.2668269230769231 0.34134615384615385
3 0.20793269230769232 0.5600961538461539 0.16105769230769232 0.23557692307692307
3 0.9266826923076923 0.5372596153846154 0.14182692307692307 0.16105769230769232
3 0.20072115384615385 0.375 0.07692307692307693 0.10576923076923077
3 0.07451923076923077 0.34975961538461536 0.14903846153846154 0.4206730769230769