0 0.7115384615384616 0.7127403846153846 0.35096153846153844 0.27884615384615385
3 0.7680288461538461 0.43028846153846156 0.18269230769230768 0.18990384615384615
3 0.9206730769230769 0.39663461538461536 0.0673076923076923 0.125
3 0.36538461538461536 0.4362980769230769 0.10576923076923077 0.09375
3 0.08413461538461539 0.38341346153846156 0.07211538461538461 0.0625
3 0.3473557692307692 0.6790865384615384 0.17548076923076922 0.25961538461538464
3 0.4579326923076923 0.7091346153846154 0.2403846153846154 0.32211538461538464
3 0.21514423076923078 0.5853365384615384 0.14423076923076922 0.22355769230769232
3 0.9314903846153846 0.4987980769230769 0.1346153846153846 0.14903846153846154
3 0.19110576923076922 0.4026442307692308 0.06971153846153846 0.0985576923076923
3 0.05889423076923077 0.3870192307692308 0.11778846153846154 0.4110576923076923