0 0.25841346153846156 0.6766826923076923 0.3798076923076923 0.31971153846153844
0 0.24639423076923078 0.3894230769230769 0.20432692307692307 0.21153846153846154
0 0.10096153846153846 0.3317307692307692 0.08173076923076923 0.13221153846153846
0 0.6430288461538461 0.4579326923076923 0.11538461538461539 0.10576923076923077
0 0.9290865384615384 0.4495192307692308 0.07932692307692307 0.06971153846153846
0 0.6225961538461539 0.7007211538461539 0.20432692307692307 0.27884615384615385
0 0.5084134615384616 0.7139423076923077 0.2764423076923077 0.34615384615384615
0 0.7680288461538461 0.6286057692307693 0.16826923076923078 0.23798076923076922
0 0.07572115384615384 0.4326923076923077 0.15144230769230768 0.16346153846153846
0 0.8197115384615384 0.4519230769230769 0.07932692307692307 0.10576923076923077
0 0.9338942307692307 0.4567307692307692 0.12740384615384615 0.4230769230769231