0 0.31490384615384615 0.2644230769230769 0.3076923076923077 0.37259615384615385
0 0.6021634615384616 0.24278846153846154 0.20432692307692307 0.19951923076923078
0 0.6538461538461539 0.09615384615384616 0.13221153846153846 0.07692307692307693
0 0.546875 0.6418269230769231 0.10096153846153846 0.11298076923076923
0 0.5649038461538461 0.9278846153846154 0.0673076923076923 0.07692307692307693
0 0.30408653846153844 0.6298076923076923 0.27403846153846156 0.1971153846153846
0 0.28725961538461536 0.5168269230769231 0.34134615384615385 0.2668269230769231
0 0.38100961538461536 0.7728365384615384 0.23557692307692307 0.16105769230769232
0 0.5540865384615384 0.0733173076923077 0.16105769230769232 0.1466346153846154
0 0.5600961538461539 0.8185096153846154 0.10576923076923077 0.07692307692307693
0 0.5588942307692307 0.9362980769230769 0.4206730769230769 0.12259615384615384