3 0.3004807692307692 0.2764423076923077 0.36538461538461536 0.2956730769230769
3 0.2283653846153846 0.5552884615384616 0.19230769230769232 0.19951923076923078
3 0.07451923076923077 0.5817307692307693 0.07451923076923077 0.12980769230769232
3 0.6298076923076923 0.5721153846153846 0.10817307692307693 0.0985576923076923
3 0.9110576923076923 0.6370192307692307 0.07692307692307693 0.06490384615384616
3 0.6610576923076923 0.3293269230769231 0.1875 0.2692307692307692
3 0.5528846153846154 0.2932692307692308 0.25721153846153844 0.33413461538461536
3 0.7884615384615384 0.43028846153846156 0.15384615384615385 0.2283653846153846
3 0.06911057692307693 0.47836538461538464 0.13822115384615385 0.15384615384615385
3 0.8028846153846154 0.6129807692307693 0.07451923076923077 0.10336538461538461
3 0.9314903846153846 0.6346153846153846 0.13221153846153846 0.41346153846153844