0 0.31850961538461536 0.7391826923076923 0.31490384615384615 0.37740384615384615
3 0.6069711538461539 0.7560096153846154 0.2091346153846154 0.20192307692307693
3 0.6610576923076923 0.9014423076923077 0.13221153846153846 0.07932692307692307
3 0.5444711538461539 0.3581730769230769 0.10336538461538461 0.11298076923076923
3 0.5576923076923077 0.07211538461538461 0.0673076923076923 0.07932692307692307
3 0.3016826923076923 0.3737980769230769 0.2764423076923077 0.20192307692307693
3 0.2860576923076923 0.4879807692307692 0.34375 0.27163461538461536
3 0.3762019230769231 0.22956730769230768 0.23557692307692307 0.1658653846153846
3 0.5625 0.9242788461538461 0.16346153846153846 0.1466346153846154
3 0.5540865384615384 0.1814903846153846 0.10576923076923077 0.07932692307692307
3 0.5516826923076923 0.06370192307692307 0.4206730769230769 0.12740384615384615