0 0.3125 0.734375 0.37740384615384615 0.31490384615384615
 0 0.22596153846153846 0.45913461538461536 0.20192307692307693 0.2091346153846154
 0 0.07091346153846154 0.4411057692307692 0.07932692307692307 0.13221153846153846
 0 0.6274038461538461 0.4230769230769231 0.11298076923076923 0.10336538461538461
 0 0.9014423076923077 0.3401442307692308 0.07932692307692307 0.0673076923076923
 0 0.6694711538461539 0.6622596153846154 0.20192307692307693 0.2764423076923077
 0 0.5637019230769231 0.7043269230769231 0.27163461538461536 0.34375
 0 0.7920673076923077 0.5552884615384616 0.1658653846153846 0.23557692307692307
 0 0.0733173076923077 0.5444711538461539 0.1466346153846154 0.16105769230769232
 0 0.796875 0.3701923076923077 0.07932692307692307 0.10576923076923077
 0 0.9230769230769231 0.3425480769230769 0.14903846153846154 0.4206730769230769