0 0.6911057692307693 0.25841346153846156 0.24519230769230768 0.22115384615384615
0 0.4675480769230769 0.2824519230769231 0.25240384615384615 0.18509615384615385
0 0.8413461538461539 0.25 0.24278846153846154 0.21394230769230768
0 0.9483173076923077 0.3870192307692308 0.0985576923076923 0.15384615384615385
0 0.6538461538461539 0.5889423076923077 0.28846153846153844 0.17548076923076922
0 0.71875 0.3870192307692308 0.21634615384615385 0.13701923076923078
0 0.5985576923076923 0.4735576923076923 0.2860576923076923 0.1971153846153846
0 0.515625 0.6298076923076923 0.21634615384615385 0.18509615384615385
0 0.45913461538461536 0.8377403846153846 0.27884615384615385 0.17548076923076922
0 0.28725961538461536 0.8942307692307693 0.2932692307692308 0.18028846153846154
0 0.7379807692307693 0.8629807692307693 0.20673076923076922 0.16105769230769232
0 0.7307692307692307 0.9615384615384616 0.2692307692307692 0.07211538461538461
0 0.90625 0.6262019230769231 0.16105769230769232 0.17067307692307693
0 0.8918269230769231 0.8677884615384616 0.11538461538461539 0.1346153846153846
0 0.7055288461538461 0.7331730769230769 0.17307692307692307 0.11778846153846154
0 0.9399038461538461 0.4963942307692308 0.11538461538461539 0.1658653846153846
0 0.8257211538461539 0.7283653846153846 0.1875 0.15865384615384615
0 0.3605769230769231 0.5396634615384616 0.22355769230769232 0.11778846153846154