0 0.6742788461538461 0.24519230769230768 0.23557692307692307 0.2091346153846154
0 0.453125 0.2848557692307692 0.24519230769230768 0.17067307692307693
0 0.8233173076923077 0.22716346153846154 0.23317307692307693 0.19951923076923078
0 0.9459134615384616 0.35336538461538464 0.10336538461538461 0.14903846153846154
0 0.6598557692307693 0.578125 0.28125 0.15625
0 0.7103365384615384 0.37259615384615385 0.21153846153846154 0.125
0 0.5961538461538461 0.46634615384615385 0.27884615384615385 0.18028846153846154
0 0.5252403846153846 0.6286057692307693 0.20673076923076922 0.17307692307692307
0 0.48197115384615385 0.8401442307692307 0.27163461538461536 0.15865384615384615
0 0.3161057692307692 0.9086538461538461 0.2860576923076923 0.16346153846153846
0 0.7620192307692307 0.8449519230769231 0.19951923076923078 0.14903846153846154
0 0.7644230769230769 0.9567307692307693 0.2644230769230769 0.08173076923076923
0 0.9134615384615384 0.5973557692307693 0.15144230769230768 0.16346153846153846
0 0.9158653846153846 0.8401442307692307 0.10817307692307693 0.12980769230769232
0 0.7211538461538461 0.7175480769230769 0.16826923076923078 0.10817307692307693
0 0.9423076923076923 0.4639423076923077 0.11057692307692307 0.15865384615384615
0 0.8413461538461539 0.7055288461538461 0.18028846153846154 0.14903846153846154
0 0.3641826923076923 0.5492788461538461 0.21875 0.10336538461538461