0 0.38221153846153844 0.7860576923076923 0.23557692307692307 0.2091346153846154
0 0.5913461538461539 0.7007211538461539 0.24519230769230768 0.17067307692307693
0 0.2403846153846154 0.8341346153846154 0.23317307692307693 0.19951923076923078
0 0.08173076923076923 0.7379807692307693 0.12740384615384615 0.1466346153846154
0 0.3269230769230769 0.4567307692307692 0.28125 0.15625
0 0.32091346153846156 0.6682692307692307 0.21153846153846154 0.125
0 0.41225961538461536 0.5528846153846154 0.27884615384615385 0.18028846153846154
0 0.4483173076923077 0.3798076923076923 0.20673076923076922 0.17307692307692307
0 0.44711538461538464 0.16346153846153846 0.27163461538461536 0.15625
0 0.5961538461538461 0.0733173076923077 0.28846153846153844 0.1466346153846154
0 0.171875 0.21634615384615385 0.19951923076923078 0.14903846153846154
0 0.140625 0.08533653846153846 0.2620192307692308 0.12259615384615384
0 0.07572115384615384 0.49158653846153844 0.15144230769230768 0.1658653846153846
0 0.038461538461538464 0.2536057692307692 0.07692307692307693 0.13221153846153846
0 0.23798076923076922 0.3329326923076923 0.16826923076923078 0.10817307692307693
0 0.0673076923076923 0.6286057692307693 0.125 0.15625
0 0.12379807692307693 0.3701923076923077 0.18028846153846154 0.1466346153846154
0 0.6225961538461539 0.4230769230769231 0.21875 0.10336538461538461