0 0.7668269230769231 0.65625 0.19471153846153846 0.22355769230769232
0 0.7115384615384616 0.4375 0.15384615384615385 0.23557692307692307
0 0.7944711538461539 0.8040865384615384 0.18509615384615385 0.22355769230769232
0 0.6790865384615384 0.9423076923076923 0.14182692307692307 0.11057692307692307
0 0.4326923076923077 0.6646634615384616 0.13942307692307693 0.27403846153846156
0 0.6418269230769231 0.7007211538461539 0.11057692307692307 0.20432692307692307
0 0.5396634615384616 0.59375 0.16346153846153846 0.2692307692307692
0 0.3737980769230769 0.5336538461538461 0.16105769230769232 0.1971153846153846
0 0.15985576923076922 0.5060096153846154 0.13942307692307693 0.2644230769230769
0 0.07932692307692307 0.3449519230769231 0.14423076923076922 0.27884615384615385
0 0.17427884615384615 0.7860576923076923 0.13701923076923078 0.19230769230769232
0 0.046875 0.7992788461538461 0.09375 0.25721153846153844
0 0.43149038461538464 0.9194711538461539 0.15384615384615385 0.14182692307692307
0 0.18990384615384615 0.9387019230769231 0.12259615384615384 0.10096153846153846
0 0.2980769230769231 0.7355769230769231 0.09615384615384616 0.16105769230769232
0 0.5673076923076923 0.9423076923076923 0.15384615384615385 0.11057692307692307
0 0.31971153846153844 0.8545673076923077 0.1346153846153846 0.17307692307692307
0 0.4411057692307692 0.36778846153846156 0.0889423076923077 0.21394230769230768