0 0.32091346153846156 0.7512019230769231 0.23798076923076922 0.21153846153846154
0 0.5432692307692307 0.7163461538461539 0.24759615384615385 0.17307692307692307
0 0.171875 0.7668269230769231 0.23557692307692307 0.20192307692307693
0 0.051682692307692304 0.6394230769230769 0.10336538461538461 0.14903846153846154
0 0.34134615384615385 0.4182692307692308 0.28365384615384615 0.16105769230769232
0 0.28725961538461536 0.6237980769230769 0.21394230769230768 0.12740384615384615
0 0.4026442307692308 0.53125 0.28125 0.18509615384615385
0 0.47716346153846156 0.3713942307692308 0.2091346153846154 0.17548076923076922
0 0.5240384615384616 0.15985576923076922 0.27403846153846156 0.16105769230769232
0 0.6911057692307693 0.09495192307692307 0.28846153846153844 0.1658653846153846
0 0.2439903846153846 0.1502403846153846 0.20192307692307693 0.15144230769230768
0 0.24519230769230768 0.039663461538461536 0.2644230769230769 0.07932692307692307
0 0.08774038461538461 0.3954326923076923 0.15384615384615385 0.16346153846153846
0 0.09014423076923077 0.15264423076923078 0.11057692307692307 0.13221153846153846
0 0.2824519230769231 0.27884615384615385 0.16826923076923078 0.11057692307692307
0 0.057692307692307696 0.5300480769230769 0.11538461538461539 0.16105769230769232
0 0.1622596153846154 0.28846153846153844 0.18269230769230768 0.14903846153846154
0 0.6370192307692307 0.453125 0.21875 0.10576923076923077