3 0.25240384615384615 0.3317307692307692 0.3894230769230769 0.3293269230769231
3 0.25 0.6201923076923077 0.21153846153846154 0.21634615384615385
3 0.10817307692307693 0.6802884615384616 0.08653846153846154 0.1346153846153846
3 0.6442307692307693 0.5384615384615384 0.11778846153846154 0.10817307692307693
3 0.9302884615384616 0.5336538461538461 0.08173076923076923 0.07211538461538461
3 0.6153846153846154 0.2956730769230769 0.21394230769230768 0.28365384615384615
3 0.5024038461538461 0.2860576923076923 0.28846153846153844 0.35336538461538464
3 0.7644230769230769 0.3629807692307692 0.17307692307692307 0.2403846153846154
3 0.07632211538461539 0.5841346153846154 0.15264423076923078 0.1658653846153846
3 0.8221153846153846 0.5360576923076923 0.08173076923076923 0.10817307692307693
3 0.9308894230769231 0.5264423076923077 0.13341346153846154 0.4206730769230769