3 0.6875 0.734375 0.37740384615384615 0.31490384615384615
3 0.7740384615384616 0.45913461538461536 0.20192307692307693 0.2091346153846154
3 0.9290865384615384 0.4411057692307692 0.07932692307692307 0.13221153846153846
3 0.37259615384615385 0.4230769230769231 0.11298076923076923 0.10336538461538461
3 0.0985576923076923 0.3401442307692308 0.07932692307692307 0.0673076923076923
3 0.33052884615384615 0.6622596153846154 0.20192307692307693 0.2764423076923077
3 0.4362980769230769 0.7043269230769231 0.27163461538461536 0.34375
3 0.20793269230769232 0.5552884615384616 0.1658653846153846 0.23557692307692307
3 0.9254807692307693 0.5456730769230769 0.14423076923076922 0.16346153846153846
3 0.203125 0.3701923076923077 0.07932692307692307 0.10576923076923077
3 0.07692307692307693 0.3425480769230769 0.15384615384615385 0.4206730769230769